Running 3D Infomax similarity check...
Embeddings: /home/jmatthi2/deep_learning/COMET/3dinfomax/3dinfomax_lipid_embeddings.npy

Loaded 14 embeddings, dim=256

=== Cosine Similarity Matrix ===
                    ALC-0315      KC2           MC3           SM-102        C12-200       L319          CKK-E12       DOPE          DSPC          Cholesterol   DC-Cholester  Beta-sitoste  C14-PEG       C18-PEG       
ALC-0315            1.0000        -0.1928       0.4257        0.7926        0.1052        0.4383        0.1777        -0.4369       -0.0554       -0.2625       -0.1881       -0.2647       -0.3898       -0.3936       
KC2                 -0.1928       1.0000        -0.0991       -0.2344       0.0672        -0.1557       0.3511        -0.2903       -0.0520       -0.0427       -0.2175       -0.0347       -0.2746       -0.2418       
MC3                 0.4257        -0.0991       1.0000        0.3943        -0.1660       0.9222        -0.2778       -0.1559       -0.2303       -0.1987       -0.3658       -0.2094       -0.0871       -0.1026       
SM-102              0.7926        -0.2344       0.3943        1.0000        0.0242        0.4384        0.3873        -0.3426       -0.0306       -0.4552       -0.1502       -0.4574       -0.2831       -0.2739       
C12-200             0.1052        0.0672        -0.1660       0.0242        1.0000        -0.2081       0.1230        -0.3931       -0.0789       0.0390        -0.1855       0.0441        -0.2747       -0.2658       
L319                0.4383        -0.1557       0.9222        0.4384        -0.2081       1.0000        -0.2223       -0.1100       -0.2430       -0.1557       -0.3708       -0.1665       -0.1337       -0.1574       
CKK-E12             0.1777        0.3511        -0.2778       0.3873        0.1230        -0.2223       1.0000        -0.3634       0.0022        -0.2015       -0.0247       -0.1866       -0.4454       -0.3992       
DOPE                -0.4369       -0.2903       -0.1559       -0.3426       -0.3931       -0.1100       -0.3634       1.0000        0.0508        -0.0410       -0.0470       -0.0492       0.5804        0.5570        
DSPC                -0.0554       -0.0520       -0.2303       -0.0306       -0.0789       -0.2430       0.0022        0.0508        1.0000        -0.2987       -0.0648       -0.2991       0.0553        0.0574        
Cholesterol         -0.2625       -0.0427       -0.1987       -0.4552       0.0390        -0.1557       -0.2015       -0.0410       -0.2987       1.0000        -0.0013       0.9995        -0.3917       -0.4306       
DC-Cholesterol      -0.1881       -0.2175       -0.3658       -0.1502       -0.1855       -0.3708       -0.0247       -0.0470       -0.0648       -0.0013       1.0000        0.0011        0.1045        0.1267        
Beta-sitosterol     -0.2647       -0.0347       -0.2094       -0.4574       0.0441        -0.1665       -0.1866       -0.0492       -0.2991       0.9995        0.0011        1.0000        -0.3955       -0.4328       
C14-PEG             -0.3898       -0.2746       -0.0871       -0.2831       -0.2747       -0.1337       -0.4454       0.5804        0.0553        -0.3917       0.1045        -0.3955       1.0000        0.9915        
C18-PEG             -0.3936       -0.2418       -0.1026       -0.2739       -0.2658       -0.1574       -0.3992       0.5570        0.0574        -0.4306       0.1267        -0.4328       0.9915        1.0000        

=== Off-diagonal stats ===
  Mean:   -0.0703
  Std:    0.3168
  Min:    -0.4574
  Max:    0.9995
  Median: -0.1557

=== Similarity Warnings (sim > 0.99) ===
WARNING - nearly identical embeddings:
  Cholesterol
  Beta-sitosterol
  Cosine sim: 0.9995
WARNING - nearly identical embeddings:
  C14-PEG
  C18-PEG
  Cosine sim: 0.9915

Plot saved to /home/jmatthi2/deep_learning/COMET/3dinfomax/3dinfomax_similarity_matrix.png

Done.
