Running 3D Infomax similarity check...
Embeddings: /home/jmatthi2/deep_learning/COMET/3dinfomax/3dinfomax_lipid_embeddings.npy

Loaded 14 embeddings, dim=256

=== Cosine Similarity Matrix ===
                    ALC-0315      KC2           MC3           SM-102        C12-200       L319          CKK-E12       DOPE          DSPC          Cholesterol   DC-Cholester  Beta-sitoste  C14-PEG       C18-PEG       
ALC-0315            1.0000        -0.9993       -0.1167       0.1192        -0.0723       0.0747        0.2545        -0.2526       0.0453        -0.0436       0.0058        -0.0036       0.0417        -0.0396       
KC2                 -0.9993       1.0000        0.1202        -0.1212       0.0737        -0.0744       -0.2532       0.2528        -0.0402       0.0398        0.0028        -0.0035       -0.0403       0.0397        
MC3                 -0.1167       0.1202        1.0000        -0.9991       -0.1814       0.1857        -0.1793       0.1833        -0.0710       0.0747        0.0107        -0.0068       -0.0201       0.0240        
SM-102              0.1192        -0.1212       -0.9991       1.0000        0.1834        -0.1858       0.1817        -0.1839       0.0770        -0.0792       -0.0010       -0.0012       0.0218        -0.0239       
C12-200             -0.0723       0.0737        -0.1814       0.1834        1.0000        -0.9989       0.3005        -0.2993       -0.1466       0.1486        -0.3056       0.3100        -0.0202       0.0218        
L319                0.0747        -0.0744       0.1857        -0.1858       -0.9989       1.0000        -0.2987       0.2994        0.1530        -0.1533       0.3166        -0.3191       0.0221        -0.0217       
CKK-E12             0.2545        -0.2532       -0.1793       0.1817        0.3005        -0.2987       1.0000        -0.9991       -0.2039       0.2064        -0.1789       0.1825        -0.1182       0.1202        
DOPE                -0.2526       0.2528        0.1833        -0.1839       -0.2993       0.2994        -0.9991       1.0000        0.2098        -0.2108       0.1889        -0.1907       0.1200        -0.1202       
DSPC                0.0453        -0.0402       -0.0710       0.0770        -0.1466       0.1530        -0.2039       0.2098        1.0000        -0.9993       0.4985        -0.4971       -0.2844       0.2904        
Cholesterol         -0.0436       0.0398        0.0747        -0.0792       0.1486        -0.1533       0.2064        -0.2108       -0.9993       1.0000        -0.4920       0.4922        0.2871        -0.2916       
DC-Cholesterol      0.0058        0.0028        0.0107        -0.0010       -0.3056       0.3166        -0.1789       0.1889        0.4985        -0.4920       1.0000        -0.9991       -0.2176       0.2276        
Beta-sitosterol     -0.0036       -0.0035       -0.0068       -0.0012       0.3100        -0.3191       0.1825        -0.1907       -0.4971       0.4922        -0.9991       1.0000        0.2213        -0.2296       
C14-PEG             0.0417        -0.0403       -0.0201       0.0218        -0.0202       0.0221        -0.1182       0.1200        -0.2844       0.2871        -0.2176       0.2213        1.0000        -0.9991       
C18-PEG             -0.0396       0.0397        0.0240        -0.0239       0.0218        -0.0217       0.1202        -0.1202       0.2904        -0.2916       0.2276        -0.2296       -0.9991       1.0000        

=== Off-diagonal stats ===
  Mean:   -0.0765
  Std:    0.3285
  Min:    -0.9993
  Max:    0.4985
  Median: -0.0068

=== Similarity Warnings (sim > 0.99) ===
None found.

Plot saved to /home/jmatthi2/deep_learning/COMET/3dinfomax/3dinfomax_similarity_matrix.png

Done.
